28.731672 0 0
26.903829 0 0
26.777636 0 0
27.773628 0 0
27.803144 0 0
27.474861 0 0
26.246661 0 0
26.450859 0 0
26.187932 0 0
26.582775 0 0
26.353579 0 0
26.183716 0 0
26.196064 0 0
26.4102 0 0
26.577053 0 0
26.058727 0 0
26.862267 0 0
23.662564 0 0
23.449632 0 0
23.109603 0 0
23.030996 0 0
22.979193 0 0
23.002083 0 0
23.360483 0 0
23.589981 0 0
23.175561 0 0
23.114121 0 0
23.327053 0 0
23.583054 0 0
23.414997 0 0
23.15508 0 0
23.213208 0 0
24.312503 0 0
23.576427 0 0
23.90471 0 0
23.934226 0 0
23.261698 0 0
23.286996 0 0
23.509265 0 0
23.457161 0 0
23.360182 0 0
23.266215 0 0
23.269226 0 0
23.172549 0 0
23.627929 0 0
23.426442 0 0
23.522818 0 0
24.827818 0 0
23.224652 0 0
24.381473 0 0
