2.620239 0 0
2.734084 0 0
2.91991 0 0
2.676258 0 0
2.343759 0 0
2.503683 0 0
2.234432 0 0
2.296474 0 0
2.309425 0 0
2.392248 0 0
2.359419 0 0
2.178412 0 0
2.368756 0 0
2.235937 0 0
2.400982 0 0
2.594337 0 0
2.356106 0 0
2.535006 0 0
2.335928 0 0
2.463025 0 0
2.323579 0 0
2.412728 0 0
2.442243 0 0
2.384417 0 0
2.496455 0 0
2.271777 0 0
2.444954 0 0
2.161245 0 0
2.115768 0 0
2.167871 0 0
2.265754 0 0
2.240455 0 0
2.209133 0 0
2.282318 0 0
2.135344 0 0
2.210638 0 0
2.244972 0 0
2.2263 0 0
2.188351 0 0
2.244671 0 0
2.227203 0 0
2.31093 0 0
2.229311 0 0
2.194977 0 0
2.206422 0 0
2.23142 0 0
2.457604 0 0
2.286535 0 0
2.378394 0 0
2.254911 0 0
