263.586691 0 0
252.715712 0 0
229.688029 0 0
231.964324 0 0
234.421023 0 0
234.785749 0 0
232.373925 0 0
231.204455 0 0
231.546892 0 0
232.085096 0 0
230.615955 0 0
234.165325 0 0
232.077567 0 0
233.19433 0 0
233.169935 0 0
234.142736 0 0
233.456956 0 0
234.227066 0 0
234.345127 0 0
230.345799 0 0
232.900984 0 0
231.846563 0 0
232.073048 0 0
231.835722 0 0
230.43555 0 0
231.155664 0 0
231.320408 0 0
230.069921 0 0
231.371006 0 0
231.680615 0 0
231.277038 0 0
229.819643 0 0
230.02595 0 0
232.33417 0 0
231.513462 0 0
230.559635 0 0
231.118619 0 0
230.311766 0 0
231.09061 0 0
231.568577 0 0
231.968239 0 0
232.81304 0 0
235.028497 0 0
237.027107 0 0
234.712563 0 0
234.051781 0 0
232.750998 0 0
232.594084 0 0
230.518674 0 0
231.021942 0 0
