202.097817 0 0
197.661482 0 0
198.586396 0 0
198.024702 0 0
199.594435 0 0
204.492474 0 0
200.234737 0 0
199.270368 0 0
198.820109 0 0
198.255704 0 0
200.128422 0 0
199.585701 0 0
195.59842 0 0
194.666579 0 0
194.857526 0 0
194.905412 0 0
195.37585 0 0
194.37233 0 0
195.712867 0 0
194.845779 0 0
196.710366 0 0
195.277064 0 0
194.478645 0 0
195.041243 0 0
197.285312 0 0
197.805746 0 0
197.218752 0 0
197.255195 0 0
196.705848 0 0
197.697021 0 0
197.099185 0 0
197.351873 0 0
195.960134 0 0
195.003596 0 0
195.268632 0 0
200.783181 0 0
194.525327 0 0
196.062233 0 0
198.680966 0 0
198.199082 0 0
197.994583 0 0
198.130716 0 0
198.116259 0 0
197.628052 0 0
198.433399 0 0
197.153698 0 0
195.720096 0 0
195.296039 0 0
195.316217 0 0
196.092953 0 0
