3.090376 0 0
3.40089 0 0
3.645144 0 0
3.176512 0 0
2.820823 0 0
2.871722 0 0
2.819015 0 0
2.879552 0 0
3.043092 0 0
2.968098 0 0
2.887081 0 0
4.376702 0 0
2.683486 0 0
2.642827 0 0
2.540427 0 0
2.526272 0 0
2.496757 0 0
2.5335 0 0
2.527176 0 0
2.441943 0 0
2.535909 0 0
2.460615 0 0
2.519646 0 0
2.452784 0 0
2.425076 0 0
2.729566 0 0
2.95063 0 0
2.780766 0 0
2.872324 0 0
2.872927 0 0
2.834074 0 0
2.895816 0 0
2.829858 0 0
2.894611 0 0
2.823834 0 0
2.931355 0 0
2.788296 0 0
2.741312 0 0
2.750347 0 0
2.72806 0 0
2.709086 0 0
2.745829 0 0
2.759382 0 0
2.750648 0 0
2.734084 0 0
2.750649 0 0
2.91479 0 0
2.876842 0 0
2.868107 0 0
2.925933 0 0
