207.665675 0 0
201.747248 0 0
204.049443 0 0
203.983787 0 0
203.348003 0 0
204.16871 0 0
201.983069 0 0
202.899249 0 0
202.104443 0 0
201.435228 0 0
203.445885 0 0
202.930271 0 0
199.344459 0 0
200.024516 0 0
200.744027 0 0
200.291057 0 0
197.515412 0 0
198.01928 0 0
199.54173 0 0
202.350505 0 0
205.144221 0 0
198.368646 0 0
202.594458 0 0
199.147187 0 0
199.15803 0 0
199.204712 0 0
197.104004 0 0
198.244862 0 0
198.905041 0 0
196.97269 0 0
201.790014 0 0
199.110444 0 0
197.402169 0 0
195.739372 0 0
197.735872 0 0
196.606459 0 0
197.664795 0 0
196.142647 0 0
196.562789 0 0
196.581461 0 0
197.504569 0 0
194.895774 0 0
199.748035 0 0
200.959369 0 0
197.953624 0 0
197.605765 0 0
201.360235 0 0
201.7349 0 0
198.252391 0 0
203.420285 0 0
