22.20306 0 0
21.119728 0 0
21.585949 0 0
20.795661 0 0
21.037205 0 0
21.0872 0 0
20.261072 0 0
20.38335 0 0
20.550503 0 0
20.521891 0 0
20.334258 0 0
21.442287 0 0
21.003172 0 0
20.786626 0 0
20.799878 0 0
22.574713 0 0
21.103464 0 0
21.682627 0 0
21.172735 0 0
21.540772 0 0
20.78271 0 0
20.931492 0 0
20.468583 0 0
20.485449 0 0
20.39871 0 0
20.469487 0 0
20.118615 0 0
19.834605 0 0
20.021637 0 0
20.651096 0 0
20.137289 0 0
19.946041 0 0
20.227341 0 0
20.245712 0 0
20.924264 0 0
21.434457 0 0
20.760122 0 0
20.638446 0 0
20.330945 0 0
20.465873 0 0
20.356244 0 0
20.8568 0 0
20.814334 0 0
20.187886 0 0
20.418889 0 0
20.910711 0 0
22.618685 0 0
20.753798 0 0
21.982298 0 0
23.261396 0 0
