2.399175 0 0
2.482902 0 0
2.385923 0 0
2.452785 0 0
2.250393 0 0
2.140464 0 0
2.243165 0 0
2.204916 0 0
2.307617 0 0
2.241659 0 0
2.350686 0 0
2.278102 0 0
2.191363 0 0
2.310931 0 0
2.201302 0 0
2.240154 0 0
2.237142 0 0
2.242864 0 0
2.180822 0 0
2.223288 0 0
2.255514 0 0
2.195881 0 0
2.261236 0 0
2.394658 0 0
2.305509 0 0
2.557293 0 0
2.252803 0 0
2.203109 0 0
2.276596 0 0
2.230516 0 0
2.194375 0 0
2.211542 0 0
2.196182 0 0
2.213349 0 0
2.292558 0 0
2.296474 0 0
2.281114 0 0
2.176003 0 0
2.192267 0 0
2.72535 0 0
2.345565 0 0
2.347373 0 0
2.341349 0 0
2.43622 0 0
2.205217 0 0
2.351288 0 0
2.582591 0 0
2.126008 0 0
2.386224 0 0
2.244069 0 0
