22.151559 0 0
21.007087 0 0
20.977572 0 0
21.036904 0 0
20.902579 0 0
21.494091 0 0
20.988113 0 0
20.738136 0 0
20.734823 0 0
20.700489 0 0
21.252848 0 0
21.807013 0 0
20.296611 0 0
20.474606 0 0
21.056781 0 0
20.083679 0 0
20.033683 0 0
20.196922 0 0
20.277938 0 0
20.031575 0 0
20.177043 0 0
20.148131 0 0
20.2171 0 0
20.096931 0 0
20.322512 0 0
20.604112 0 0
20.79777 0 0
20.68543 0 0
20.463764 0 0
20.846259 0 0
20.489063 0 0
20.338174 0 0
20.413769 0 0
20.813129 0 0
20.626701 0 0
20.520385 0 0
21.366692 0 0
20.924564 0 0
20.867643 0 0
20.629712 0 0
22.092528 0 0
20.792649 0 0
20.883304 0 0
20.982692 0 0
20.700188 0 0
21.229054 0 0
20.620979 0 0
20.672781 0 0
20.600197 0 0
20.901977 0 0
